.Random.seed <-
c(403L, 10L, 935679402L, 885986764L, -1961797489L, 129767621L, 
-185558916L, -2036509486L, -1965953971L, -104735481L, 1725874414L, 
-1169845816L, -1464584501L, -545519831L, -215281800L, -812338010L, 
2036438721L, 537112403L, -1383511038L, 1090042164L, -1017670985L, 
1379643053L, 1366114244L, -60766230L, -992442283L, -1365797393L, 
692739574L, -368702688L, -58080029L, 1799537025L, 350672880L, 
450508430L, 1353521657L, 190370699L, -1969012806L, 159018684L, 
938272255L, -1269038251L, -1416645524L, 1269838018L, 932000541L, 
-1867003497L, -50319106L, 809321144L, -1622893413L, 1604987641L, 
741055560L, 1441513334L, -490943823L, -1779815709L, -1562670670L, 
499726852L, -1804013241L, -1017865187L, -648482156L, 787348026L, 
1382790277L, 1303169375L, 1651632614L, 434518128L, -1204024429L, 
-1447977935L, 1120219872L, -665500802L, 2035218953L, -11627973L, 
-553112566L, 73217004L, -818440081L, 852604837L, -1453113508L, 
1224729394L, -1822348755L, 1168247015L, 1115572750L, -1329055768L, 
-1300411925L, 1651677833L, 22827544L, 1856018758L, -1833904223L, 
-2049320397L, 146315170L, -1185017196L, -841955049L, -171182323L, 
-1830375900L, 1117591050L, -875475083L, -324109617L, -493453866L, 
192369024L, 1367468483L, -632823967L, -1692973616L, -2125802194L, 
487245017L, -568434965L, 1203788634L, -1221059300L, -498705377L, 
-326614923L, -606225140L, 672583906L, 1602443709L, 1575525943L, 
526898398L, 574459928L, -520753285L, -919965927L, 748573608L, 
-945953962L, 1739217873L, 911060867L, 1161370130L, 1744604580L, 
-204703385L, -576018755L, 2103037492L, -248703590L, -1625124379L, 
1808440703L, -966011642L, -11899248L, 556148531L, 313652433L, 
1789767296L, -1482131618L, -650144599L, 1876141915L, -558899862L, 
-1925156852L, -788797361L, -1825685243L, 1875982780L, -831869806L, 
1813026701L, -1547989049L, -148867922L, 1507947784L, -1837243637L, 
-338915863L, -153724232L, 200605030L, -2083736063L, 1166991507L, 
-1801823422L, 1759122676L, -187924233L, 796653805L, -818726012L, 
-534145622L, -1270772971L, 1710127535L, 1906227638L, 15884256L, 
1420095267L, 206241857L, -1796089040L, 1446269262L, 1149961145L, 
426931659L, 931743354L, -439981188L, 1479353279L, 282004629L, 
-1475587412L, 1121456258L, 750264413L, -1518807209L, -2056402370L, 
1894760056L, -162177701L, 427920569L, 1480041736L, -2088818762L, 
868355313L, -898086109L, 1220545906L, -601380924L, 1786020743L, 
-1336913571L, -1821847724L, -1010248326L, 1755394245L, -66645473L, 
496653734L, -1331325136L, 46669267L, -1441977359L, -1698755296L, 
-1931605058L, 2065761225L, 2066699131L, -1738067638L, 1028234668L, 
-1136858961L, 1679045221L, -1863652836L, 1323975794L, -446907667L, 
1096460071L, 2109981518L, -1676588120L, 803663787L, 690207945L, 
2067352792L, -1822420602L, 1412999265L, 1413089779L, -368609182L, 
2024009428L, -32016425L, 265283021L, -3653276L, 800326986L, 620496053L, 
-738294769L, -301425386L, 1580148672L, -911944829L, -1504845407L, 
-675672688L, -1628635538L, -1450858471L, -353438549L, -1750480742L, 
-1316972452L, 709645663L, -56441344L, 2140064084L, 1787868648L, 
1522988026L, 694664400L, -1537578708L, 1718212340L, -2045946478L, 
-40140704L, -2018867956L, 553194208L, -1388235422L, 1660529320L, 
-246377908L, -6410884L, 1338585394L, 1496136816L, 422847300L, 
1027635672L, 357518458L, -1030742480L, -1404095812L, 1189276500L, 
-557588414L, -1022629472L, -516221252L, 495769040L, 491973986L, 
-940564504L, 92958668L, -930841860L, 954985970L, 1820697728L, 
1432559860L, -111082872L, -960543942L, 942161744L, 2079404652L, 
-1655015276L, -171843246L, 1283270368L, 911384268L, 880099488L, 
1354917762L, -1697421592L, 878190316L, 1175666748L, -2099753358L, 
1020648560L, 42746404L, 1152028728L, -1859446758L, 1300780752L, 
1296178236L, -1544780652L, 1223682178L, -1171386432L, 11725116L, 
1240256144L, -2137094110L, -385447928L, -1643758452L, -1375144932L, 
-859372910L, 1412100224L, 1536402452L, 404775208L, 1571985978L, 
1496323280L, 678296684L, 361856692L, 1737418770L, -584618016L, 
-1177465908L, 2075117024L, 853318178L, -1436625624L, 1616243980L, 
1845986876L, -1618765582L, -472094992L, -1731444924L, 1760183896L, 
-1261680070L, 2129350384L, 1220556988L, 1684691476L, -5595966L, 
1530473568L, 1161563516L, -1417209648L, -1748415454L, 1777772200L, 
-671863924L, -1400875588L, -1279548366L, -1464398016L, -1326078796L, 
1352523592L, -1446055238L, 22396688L, 1643136236L, -1313035180L, 
387198738L, -1810702432L, 1323983820L, 1842961248L, -1326439230L, 
-2146091480L, -307724884L, -1704989892L, 1099143026L, -37126352L, 
182597156L, 107310136L, -973920038L, -33014384L, -733029636L, 
1475437460L, 1517248322L, 1907738112L, -1287213508L, -192572848L, 
1263230626L, -1049605304L, -1198087668L, 188799196L, 742906450L, 
1659762816L, -155008172L, 938364392L, -1611165958L, -1625093296L, 
-1778332628L, -506513036L, -649455982L, 1069473376L, 393623180L, 
711432032L, -545938718L, 1634193576L, 1725226188L, 1021219324L, 
831825842L, 408570352L, 747451844L, 1784755032L, 750456698L, 
1402234288L, -1949934148L, 151743572L, 1524617154L, -1468640L, 
1786160060L, -1006199216L, 1735678434L, 2131912040L, 306926924L, 
-848298756L, 93545202L, -886600960L, -1113592204L, -1856144376L, 
1420265914L, 715254736L, 210867692L, -945487980L, -160477486L, 
1247005280L, 833410380L, 1979683104L, 1217865346L, -2126952984L, 
-467674132L, -618784196L, -743299470L, -1975575696L, -1014957788L, 
-993760712L, -1529239142L, 1720004048L, -387592772L, -2020776812L, 
-474754942L, -1867762240L, -955939012L, -406202224L, -299529438L, 
1177666056L, -839548660L, -760043108L, 1547213330L, 1304436608L, 
217559828L, 156670248L, 1948966970L, 1287525328L, 224020076L, 
1518285364L, 991958674L, -466612896L, -774299316L, -685673504L, 
1839006114L, -604577368L, -1379647860L, -1546177092L, 760259186L, 
1672358896L, 1440258628L, 38297688L, 1305441338L, 353737840L, 
1777583164L, -1874174700L, -1362861374L, 464525024L, 1768348796L, 
326058704L, -338730590L, 1018237992L, -1155754228L, 1892500924L, 
-1087740110L, 857771712L, -526637004L, -1441632568L, -2046135921L, 
-1485162232L, 1280926502L, -442942509L, 927030581L, 1037196434L, 
1434162272L, 1251029449L, -1763251973L, 1156945612L, 1315744602L, 
1447538255L, 192850713L, 901477678L, -1381937348L, -532714323L, 
1885208407L, -329198944L, 1261157374L, -2096391477L, -2059387699L, 
1126719482L, 1703695416L, 2031654369L, -720167277L, 361573556L, 
83195330L, -138263081L, -1518114271L, -172271130L, -43683612L, 
-46985195L, 527929407L, -703889448L, -1029570058L, 442679811L, 
151000389L, -208125598L, -1151956272L, 2116429305L, 1264815403L, 
-1052127588L, 1016388810L, -1479576129L, -596113143L, -1769428450L, 
776759244L, 184210845L, 1928548391L, -841925040L, 1315932910L, 
892007323L, 2013798909L, -1051519766L, -938025080L, -657442511L, 
-392820317L, -978747996L, 1369432146L, 97022887L, -440997903L, 
1241301814L, -75509804L, 797160805L, 1179498863L, -939703384L, 
1156049158L, -245741517L, 1975164565L, -815892750L, 1144325952L, 
-1973594967L, -498472677L, 1334718188L, 1318851322L, -1201816785L, 
-1724046535L, -909724338L, 1849770908L, 1356744973L, -1162769545L, 
1582997376L, 1083543006L, 1526018731L, 1018998189L, -1417592294L, 
313693400L, 441178433L, 85098995L, -1838561260L, -569504350L, 
1687095991L, 1945183361L, 892654726L, -137686844L, 435596789L, 
-85657505L, 236282552L, 715045782L, 1970489763L, 1309654373L, 
-414180222L, -411535888L, -1706097767L, -1238751861L, -778219396L, 
484520618L, 1487760607L, -668358039L, 1693173886L, -1170354068L, 
-1099454275L, -1487169145L, -134509200L, 1285732366L, 1090139451L, 
-831890915L, 1759149770L, 1208449512L, -226464047L, 1217014467L, 
699883972L, -303905166L, -1184499897L, -680204527L, 726243990L, 
596246516L, -1300887163L, 1961477327L, 2064203208L, 776787046L, 
1685066387L, -2122212875L, 323924946L, -1382733792L, 135758345L, 
1559550779L, -946311540L, 2063385370L, 39568783L, 44473049L, 
